624
9630
30837
7297
1387
2321
7005
2736
50604
50615
3440
3601
817
59284
59283
390157
51764
157
504191
504190
94274
4659
hsa-miR-214-3p
6352
hsa-miR-26a-5p
4170
hsa-miR-185-5p
1846
409
284532
5291
5335
hsa-miR-24-3p
91
5336
4636
60
25805
7046
4660
7428
3091
2775
8605
390648
2788
2782
hsa-miR-30c-5p
4851
2919
729230
284521
2913
2778
cpd:C16013
2550
2773
6775
5292
hsa-miR-181a-5p
11197
2263
23236
5566
391191
375790
1605
5261
5837
391190
hsa-miR-16-5p
5743
5742
391196
5836
391192
122742
5834
391195
391194
122740
10663
2770
23566
23533
2771
2768
2033
226
3630
4804
504189
5568
284383
5592
9586
1944
2324
hsa-miR-211-5p
5139
390436
6885
1432
2785
57580
5600
7867
1950
5159
hsa-miR-23a-3p
5529
5781
3937
5156
53632
hsa-miR-148a-3p
9252
5525
59285
hsa-miR-125b-5p
2057
2056
5567
2998
391189
6258
81616
2997
122748
2787
2786
2784
3442
149233
2783
2793
2792
hsa-miR-221-3p
54541
2791
2790
9569
51135
3654
6494
5906
hsa-miR-103a-3p
2819
54331
8503
5908
8681
2065
2064
hsa-miR-708-5p
960
359
cpd:C02017
139760
408
254879
hsa-miR-206
2099
51434
64682
7421
795
3055
5295
5294
793
6776
1154
5296
5290
5293
5468
126129
256144
9063
6777
6778
6772
6773
6774
382
23396
hsa-miR-30e-5p
7329
2918
cpd:C00076
55811
999
5747
1793
7070
2909
8600
8792
138803
10000
5208
hsa-miR-630
6591
23191
55845
5594
5595
5599
156
283297
59345
3845
9610
3439
hsa-miR-130a-3p
9314
10413
8312
144124
8313
144125
207
64764
hsa-miR-20b-5p
2050
hsa-miR-124-3p
5970
51378
6416
805
91807
1675
718
5467
4023
hsa-miR-376c-3p
130399
7409
387
5579
23683
2689
9180
10235
343406
hsa-miR-146b-5p
7099
2257
2261
2260
2264
hsa-miR-885-5p
836
hsa-miR-503-5p
22926
53833
hsa-miR-217
23411
hsa-miR-520b
5214
53832
3562
3791
25759
26246
2774
283694
3458
163702
983
64506
hsa-miR-26b-5p
898
28227
786
785
90993
782
781
153090
4217
784
783
779
778
54583
2244
cpd:C00290
8822
5522
5502
775
776
hsa-miR-29b-3p
1788
1789
1786
316
391112
126541
23654
23365
391109
391107
7039
1956
hsa-miR-378a-3p
1588
hsa-miR-559
2395
hsa-let-7b-5p
cpd:C15906
3362
1489
3953
3360
10850
643
29945
9575
5187
391114
hsa-miR-150-5p
7852
7132
8439
hsa-miR-147a
4172
5042
29883
3480
5604
5605
9700
9126
3976
3977
5140
hsa-miR-145-5p
1490
552
10672
5527
596
hsa-let-7e-5p
595
7189
cpd:C15995
2925
3265
cpd:C16003
2696
402317
84699
3717
3134
925
hsa-miR-222-3p
2697
926
5601
3596
1439
5602
1438
392376
5603
80336
3565
3454
3455
6348
2767
255189
3459
5509
51806
1272
4897
441911
6464
4893
623
5644
56288
2769
3460
2776
402135
7058
392392
10411
2254
392390
392391
7270
8817
441933
hsa-miR-593-5p
5347
5499
1499
896
894
6714
8945
391013
1441
116986
1297
8515
8516
4616
9133
1388
cpd:C00506
116444
1386
3952
1385
6850
116443
2046
25
127623
6347
10803
79365
64127
8767
3626
4838
hcmv-miR-US25-2-3p
1973
5500
93408
5565
31
32
2308
1026
5580
1027
gga-miR-489-3p
4088
5581
6868
208
2309
102723849
1030
cpd:C05981
4651
1032
2932
1287
995
442194
962
51744
5330
cpd:C01245
hsa-miR-203a-3p
5901
26735
3551
7003
4313
998
5584
391211
7057
948
81282
219473
2903
2904
2902
2905
857
2906
7253
2066
801
196883
5590
3448
116379
7074
3586
157506
3667
5518
26494
961
71
392309
5562
23216
5533
5532
1277
22801
5535
5534
5530
hsa-miR-34b-5p
4233
hsa-miR-130b-3p
5515
hsa-miR-375
6667
hsa-miR-718
5728
5021
5593
cpd:C00130
83756
2152
2155
85480
26188
5501
282618
2690
6256
3158
254973
hsa-miR-15a-5p
5777
3718
cpd:C00780
1813
8976
1812
3716
6788
1816
hsa-miR-142-3p
9475
119764
64223
5582
3576
5578
cpd:C00025
554
553
3355
3689
hsa-miR-27b-3p
1545
1442
3276
4303
50508
cpd:C00704
4301
100137049
2247
81624
10458
cpd:C16081
1395
1394
135924
7410
142
254783
3592
58985
143
5571
254786
283365
2740
1326
4790
cpd:C00042
5733
cpd:C02165
5465
8742
51330
405
10842
5516
5519
4914
7477
11211
6425
89780
150094
hsa-miR-663a
10398
hsa-miR-550a-5p
cpd:C00584
8843
cpd:C00165
115727
3352
2277
126374
26524
3444
4342
5008
6657
79923
835
1576
cpd:C02135
5737
284217
9899
2023
3563
3560
3561
3566
6518
343173
343171
441608
3568
23705
343172
79501
9306
343563
2027
2026
6446
hsa-miR-133b
4318
3559
5618
51561
64109
6300
hsa-miR-101-3p
2332
581
hsa-miR-200c-3p
3581
3588
4283
1524
3587
1454
8864
8863
9560
1237
1230
hsa-miR-205-5p
1232
1234
1233
1236
1235
hsa-miR-34b-3p
182
3570
392138
hsa-miR-485-5p
116519
3572
1271
3575
cpd:C16119
153
441639
343169
9020
hsa-miR-320a
cpd:C00334
3351
cpd:C00080
40
2353
3350
41
1436
hsa-miR-22-3p
3354
338376
6257
1622
4852
6755
3600
774
6751
25780
6752
7450
2814
2815
2812
145957
hsa-miR-34a-5p
93589
135
2811
hsa-miR-138-5p
1136
7157
3486
27040
441669
11009
2920
hsa-miR-374a-5p
1051
7454
10552
117
2648
11317
2113
441670
9232
5506
5617
246184
85417
hsa-miR-152-3p
124538
hsa-miR-196a-5p
3725
414062
9254
219479
3674
1398
1399
hsa-miR-143-3p
5054
2534
9846
7423
56670
1440
9466
4090
1852
185
7494
1649
hsa-miR-296-5p
9146
3172
2538
356
8771
1969
3643
3815
1581
1582
hsa-miR-30d-5p
9140
55558
5879
1291
347169
347168
cpd:C00752
2149
5881
5880
7137
3590
3595
3594
1593
3597
hsa-miR-140-5p
6662
3598
1029
9826
6722
7159
25937
hsa-miR-373-3p
10637
6366
hsa-miR-429
hsa-miR-383-5p
8310
64600
3578
996
25847
cpd:C20793
2867
4157
hsa-miR-105-5p
8309
120586
7476
hsa-miR-96-5p
3726
3727
1017
1028
284433
1021
56924
4638
hsa-miR-1915-3p
3593
hsa-miR-15b-5p
10769
3105
8302
5170
2251
hsa-miR-106a-5p
712
717
4846
10021
699
4085
8986
55851
4853
4854
4855
hsa-miR-29a-3p
3479
721
720
637
4916
83593
hsa-let-7f-5p
6354
10733
hsa-miR-215-5p
214
29882
5924
22800
3589
5153
hsa-miR-153-3p
6615
64840
80326
22808
10891
hsa-miR-135b-5p
399694
10161
5923
10645
5137
5136
2549
655
cpd:C16012
5196
8631
8517
5587
92579
9794
hsa-miR-379-5p
hsa-miR-182-5p
148022
cpd:C00746
1909
10912
hsa-miR-192-5p
8317
hsa-miR-10a-5p
hsa-miR-19a-3p
1808
27113
219968
hsa-miR-204-5p
7006
cpd:C01330
hsa-miR-25-3p
4092
hsa-miR-30b-5p
4086
80824
6916
cpd:C01312
7434
10451
101930123
466
468
3558
1435
hsa-miR-369-5p
2167
5332
5331
hsa-miR-200a-3p
4602
8398
8399
10627
578
575
26538
57118
9365
56302
2735
6364
hsa-miR-449b-5p
hsa-miR-183-5p
15
2737
57121
7068
7067
7004
3467
1806
63923
6382
6385
hsa-miR-128-3p
285659
2712
2710
10125
27289
890
cpd:C16121
51289
81061
598
23118
cpd:C16137
4159
2250
3361
hsa-miR-155-5p
8737
2475
3304
990
4160
10094
4161
3357
5564
1994
818
150084
27198
hsa-miR-190a-5p
338675
6423
51384
1839
85366
140465
cpd:C00002
286530
816
hsa-let-7g-5p
2335
6869
7048
hsa-miR-144-3p
1080
10156
hsa-miR-370-3p
27123
219983
219986
200186
5979
10018
mmu-miR-210-3p
390195
8454
4087
219982
219981
3624
90
5598
hsa-miR-412-3p
93
92
4067
9459
151636
hsa-miR-17-5p
219453
5998
1794
hsa-miR-335-5p
1133
hsa-miR-346
695
80310
5507
127074
5797
1285
283093
283092
10800
9863
51735
5105
7472
7855
5106
8900
5925
390326
51433
196335
23586
8881
5321
hsa-let-7a-5p
7186
11069
6262
6654
112398
cpd:C15183
57521
5155
4352
126370
127385
hsa-miR-331-3p
23239
57620
84876
285
cpd:C16022
hsa-miR-425-5p
5027
887
5609
10105
hsa-miR-27a-3p
90673
hsa-miR-7-5p
9732
1263
7225
29760
cpd:C19317
8989
51738
4689
hsa-let-7i-5p
170572
5350
23417
2915
3135
100132285
2911
51552
6517
6237
2255
2885
3680
29949
6349
3579
4089
3122
920
10454
hsa-miR-504-5p
4193
3569
627
9748
hsa-miR-32-5p
55671
cpd:C00547
7535
53358
5732
3973
cpd:C00639
dr:D08836
26999
3449
10319
3694
3693
3691
3696
148
3695
3710
64170
3690
1844
100533105
100132074
1447
100271927
401666
3708
3709
79295
942
1493
3685
401665
1129
55970
4543
994
3688
4843
143502
6422
7479
7478
7475
7474
7473
7471
3280
340980
2893
551
79290
7484
cpd:C16178
7483
2891
7482
2892
7481
7480
947
2890
1848
10746
4878
cpd:C02107
4158
331
3655
120793
3678
9564
hsa-miR-181c-5p
55844
27091
hsa-miR-122-5p
27092
cpd:C15869
10316
1390
3672
6359
2826
3676
2829
3675
50964
3673
9184
808
cpd:C16084
2798
3679
1902
1585
657
658
2833
815
2253
9241
353500
134
84335
27330
81873
1849
841
8387
842
26693
27345
223117
8829
3683
394
1147
6786
80228
3684
3383
710
4153
cpd:C00942
1258
1259
3443
120065
1536
120066
hsa-miR-490-5p
hsa-miR-301a-3p
1869
163688
hsa-miR-513a-5p
10950
4886
138799
10488
hsa-miR-1260b
1261
84254
cpd:C00681
3577
5197
hsa-miR-210-3p
7037
56832
84441
3516
5141
5144
2268
5142
5143
hsa-miR-34c-5p
5724
390038
390037
8482
390036
10999
7066
6375
9021
283189
hsa-miR-18a-5p
2213
282617
3452
8324
8323
390054
401992
8322
8321
55012
390059
cpd:C00483
319100
390058
138805
8326
8325
6770
55799
cpd:C00186
2162
245711
10298
26189
7932
6373
hsa-miR-1-3p
9134
390078
390077
390075
hsa-miR-216a-5p
8678
389090
390079
4357
27304
390072
390067
390066
390064
6355
390063
390061
hsa-miR-197-3p
3732
6548
5962
6934
2917
390093
8556
10512
390081
4772
1827
3066
9369
22871
390084
390083
cpd:C16021
3456
7040
81318
hsa-miR-19b-3p
8202
1374
1270
1375
hsa-miR-328-3p
10344
283111
7035
2159
4671
8651
8936
hsa-miR-365a-3p
hsa-miR-200b-3p
2626
26658
2688
57680
hsa-miR-520h
7422
125958
hsa-miR-9-5p
283159
3446
2259
283160
cpd:C00095
59067
114
115
283162
111
112
113
hsa-miR-542-3p
2597
hsa-miR-491-5p
107
108
cpd:C00575
1299
109
6514
cpd:C16089
442191
8850
hsa-miR-1236-3p
6199
9341
112755
256892
2908
cpd:C20792
4881
55534
1459
58498
hsa-miR-483-3p
1978
1962
59341
hsa-miR-34a-3p
3376
10381
3915
6376
1281
1282
1284
3799
hsa-miR-191-5p
3552
11145
cpd:C00219
5897
5896
9965
7442
5337
8611
8744
3604
8612
6323
8613
7976
3310
148327
6363
2535
84867
3913
9900
440153
6401
29956
BR:br08303(A10BG Thiazolidinediones)
hsa-miR-128b
hsa-miR-20a-5p
367
10787
57818
cpd:C01996
9568
51529
5921
3991
1968
25865
23513
659
2889
5521
441272
10652
10490
282616
1815
94235
80201
6195
140886
255967
3445
256148
154
440275
4780
338442
441308
hsa-miR-193a-3p
55233
8315
8844
hsa-miR-452-5p
7412
27035
hsa-miR-150-3p
128368
3810
83439
85407
3811
401427
390155
390154
390152
390151
9978
3812
3371
7249
3765
81579
7248
3762
3763
390144
390142
8463
390148
6324
cpd:C01089
3809
3805
3806
9474
55054
3808
3802
3803
3804
hsa-miR-519a-3p
1000
hsa-miR-513a-3p
6720
390174
cpd:C18182
4882
5563
7038
6326
8645
1128
390168
390167
253314
390162
10928
102800317
390199
390197
8437
hsa-miR-184
390191
390190
3939
81399
9379
54413
hsa-miR-127-3p
hsa-miR-486-5p
5771
hsa-miR-376b-3p
4214
1019
3918
403239
7532
572
390181
332
10459
5792
8471
506
26532
6331
6332
6330
5646
341152
4862
6097
6096
1443
cpd:C03758
219858
8646
654
656
650
652
653
cpd:C00212
2492
219870
219865
hsa-miR-376a-3p
151
152
4068
219869
6095
3123
123745
150
604
219875
219874
219873
2180
2642
9641
286151
1437
2158
390113
hsa-miR-135a-5p
8660
2160
cpd:C00008
4082
5933
5934
701
388372
3611
57506
3821
3822
54776
81285
3823
6794
51422
3824
9855
8553
128371
1855
3306
406
9572
81617
10365
9971
1244
cpd:C15890
4986
4985
4988
4987
3567
51176
4174
5645
2150
2151
hsa-miR-126-3p
84552
4609
664
cpd:C00064
1843
114907
hsa-miR-21-5p
6387
cpd:C16123
9002
hsa-miR-19b-1-5p
10666
hsa-miR-519b-3p
5034
1647
10798
645974
hsa-miR-661
cpd:C16122
hsa-miR-195-5p
257397
3162
1455
1840
2043
2044
2041
2042
8740
4055
4194
2045
868
8536
64399
3549
10484
1870
140885
cpd:C16118
4889
4887
85477
9456
3363
10681
hsa-miR-148b-3p
6368
7143
4093
57172
219952
219954
219957
219956
219959
390275
219958
2931
122786
150681
390271
9047
219965
1132
390265
390264
1979
390261
390260
4286
219960
151449
63970
30814
4763
100505767
843
347468
81472
3614
hsa-miR-106b-5p
1875
7054
hsa-let-7c-5p
219428
83667
3914
341276
cpd:C01327
9033
cpd:C14748
10242
4041
4040
2488
hsa-miR-324-3p
6790
22849
103910
27094
5528
6196
9088
51107
390201
390892
1896
60401
7010
hsa-miR-451a
hsa-miR-612
64926
3107
115653
5888
6844
6833
cpd:C15949
5624
2157
50855
2153
341416
341418
hsa-miR-542-5p
3170
847
3441
132864
3381
1946
3627
122042
5606
hsa-miR-190b
7128
7294
138804
1031
9350
81029
5819
201633
4215
991
hsa-miR-134-5p
7430
1729
375189
339403
2912
22905
2914
6915
127062
127066
127064
127068
127069
118788
1719
127059
2916
1408
1407
353376
6198
8835
5894
3636
hsa-miR-562
26291
3111
157855
9655
3908
hsa-miR-10b-5p
1311
4995
4994
7791
4993
4992
4991
286362
127077
286365
3949
4973
282763
401994
84433
401993
10163
hsa-miR-361-5p
cpd:C16010
1910
10152
cpd:C06254
hsa-miR-133a-3p
3356
119774
83660
6789
1814
900
901
54361
10971
1856
6546
hsa-miR-665
1269
158131
891
2205
146
3984
3164
2628
hsa-miR-625-5p
cpd:C15901
8484
51809
2245
hsa-miR-125b-2-3p
5526
7185
102723532
6932
390327
2249
hsa-miR-377-3p
5058
2252
390323
390321
7849
6709
6708
1278
993
4793
4794
8440
57144
4792
79339
10563
5228
4776
51196
1948
54518
5217
5216
11213
hsa-miR-30b-3p
cpd:C00015
2846
1785
6093
1288
2859
472
143187
6367
hsa-miR-218-5p
2530
2693
3659
hsa-miR-212-3p
3759
8379
51343
7098
80315
2670
2185
6197
2181
2182
26338
1268
3574
390538
2934
9985
5346
10369
10368
2797
8823
403273
403278
403277
6500
4791
1942
hsa-miR-9-3p
403253
403257
cpd:C16043
3766
hsa-miR-199a-5p
673
403282
341568
403284
2206
hsa-miR-23b-3p
397
cpd:C00788
7168
6319
138883
138881
138882
119765
79324
3156
1730
1376
hsa-miR-137
22943
4522
2872
1977
1488
2081
6342
959
958
8697
92597
29126
5133
hsa-miR-605-5p
810
10580
390437
390439
390433
390431
cpd:C16034
2831
29904
2832
138802
284
390429
10636
283748
346517
269
4842
390445
5257
390442
9612
hsa-miR-151a-3p
5158
6010
2779
cpd:C00158
342372
5148
5145
5338
1901
hsa-miR-617
2780
1453
1515
329
5460
56616
330
255725
219469
23439
219464
376497
100996758
9688
219482
219484
219477
4688
219493
219487
4677
hsa-miR-129-5p
dr:D00753
3777
219417
345
6360
83700
4773
hsa-miR-100-5p
cpd:C16048
336
219429
335
480
hsa-miR-421
5997
4775
5778
219436
219438
219437
219432
219431
hsa-miR-29c-3p
23235
390649
219447
hsa-miR-1256
1903
hsa-miR-449a
hsa-miR-518a-5p
3400
29110
3665
3661
369
4615
cpd:C02166
57105
1871
50807
mmu-miR-24-2-5p
80329
22914
3909
2246
131873
cpd:C00740
hsa-miR-132-3p
cpd:C00144
79541
8200
8061
7299
5900
9844
8722
7466
120796
81309
cpd:C00083
hsa-miR-33b-5p
282770
282775
23538
5520
8431
10599
hsa-miR-448
8074
5104
2147
10297
50649
10890
134083
268
26271
hsa-miR-99a-5p
3447
79981
cpd:C05956
84152
8392
122809
hsa-miR-30a-5p
10383
285220
hsa-miR-494-3p
54567
hsa-miR-16-1-3p
8493
1845
hsa-miR-146a-5p
29895
hsa-miR-378a-5p
cpd:C16085
2692
8797
8772
6648
hsa-miR-31-5p
58191
hsa-miR-424-5p
3451
hsa-miR-636
292
1280
cpd:C00469
hsa-miR-141-3p
55914
5328
5327
8831
50487
4915
10393
51719
2921
1943
hsa-miR-517c-3p
8743
2272
6358
hsa-miR-125a-3p
4205
hsa-miR-107
5588
27006
6655
cpd:C05113
706
hsa-miR-624-3p
6328
255022
3778
3779
401667
7448
3001
1857
55367
hsa-miR-302a-3p
6647
80328
79473
7534
545
6370
10673
hsa-miR-940
1286
1716
7097
114609
7305
341799
7832
cpd:C14769
29941
3385
7465
3384
2100
773
3339
23291
cpd:C16124
hsa-miR-98-5p
125963
3985
1072
1073
6424
125962
27
5473
5649
hsa-miR-574-3p
3065
8877
1945
51206
1643
1500
1514
972
155
3554
8879
26531
3553
84612
10507
27071
100528032
5333
hsa-miR-520g-3p
9265
375
81442
57715
128367
8669
cpd:C14818
112399
390883
390882
2781
3084
9448
143686
119695
8644
9370
7059
hsa-miR-633
5801
55240
hsa-miR-338-3p
117178
hsa-miR-181b-5p
cpd:C00306
26682
53342
8647
340156
3702
6531
2357
3326
5210
5608
5207
5209
hsa-miR-17-3p
8590
56848
cpd:C00007
cpd:C05952
4929
6783
hsa-miR-654-3p
119679
7148
hsa-miR-483-5p
hsa-miR-125a-5p
26281
6585
6092
8395
7044
6091
9378
3687
2001
5063
5062
6356
3106
3645
cpd:C06124
7188
1535
7408
5494
cpd:C16117
355
4625
6337
hsa-miR-522-3p
814
cpd:C16049
5154
218
9547
cpd:C12083
143503
8675
8811
251
8795
9583
1075
4316
2051
10744
608
120787
26339
hsa-miR-340-5p
cpd:C00037
2742
2743
cpd:C02465
2047
1947
cpd:C00696
5729
2741
120776
120775
hsa-miR-4516
1949
119772
680
5966
hsa-miR-615-3p
1410
cpd:C16130
799
51
7076
5362
5361
33
672
cpd:C00089
80834
81050
4296
364
3082
7184
5862
1137
5241
9755
9353
119749
8386
cpd:C00149
2256
2242
1262
1260
89801
8893
1965
25970
hsa-miR-641
6616
130075
9127
5365
hsa-miR-302d-3p
970
939
51701
393046
cpd:C16136
1616
hsa-miR-223-3p
23136
57292
55740
5591
hsa-miR-675-5p
6369
119678
1540
5443
9901
9253
hsa-miR-224-5p
119682
119687
7029
cpd:C00003
5111
hsa-miR-194-5p
3358
10109
10505
5364
2207
8554
11200
8408
8458
7042
119694
7433
119692
cpd:C16051
5746
56477
10062
3109
4306
5986
396
317
147
hsa-miR-487b-3p
hsa-miR-644a
3932
5863
3910
22987
6346
56034
9821
hsa-miR-613
2069
5922
1460
4690
324
57154
cpd:C04227
134864
134860
8569
10254
653361
5256
2258
1967
27127
cpd:C14768
4879
3911
hsa-miR-208a-3p
340529
285955
9470
5607
10093
10092
10095
5523
79310
1081
hsa-miR-4782-3p
hsa-miR-582-5p
8717
490
hsa-miR-433-3p
cpd:C15181
26696
hsa-miR-136-5p
hsa-miR-23b-5p
5625
2248
79602
7124
hsa-miR-639
7298
1975
5360
cpd:C00031
1487
50616
716
715
10203
714
713
4633
482
483
481
477
478
476
9054
7263
486
5734
283106
940
hsa-miR-510-5p
285242
34
30
64805
4803
9776
57599
55120
9706
kshv-miR-K12-11-3p
hsa-miR-92a-3p
4292
22798
23624
9723
cpd:C13050
6263
6261
64411
cpd:C16042
6754
6753
23433
hsa-miR-147b
5909
cpd:C06865
cpd:C16033
hsa-miR-409-3p
5281
hsa-miR-299-5p
3682
729759
10603
hsa-miR-495-3p
102723407
6009
338674
cpd:C00416
hsa-miR-744-5p
1917
338662
6608
hsa-miR-1202
3397
26019
8027
4829
hsa-miR-296-3p
6372
10039
10038
3606
8809
8807
hsa-miR-767-5p
8243
7094
8643
10683
9223
26707
84812
5583
273
274
3133
83551
442186
cpd:C16088
2048
4923
9693
2520
867
9113
9230
9103
8874
28964
6405
5345
8761
5268
3071
216
9542
hsa-miR-202-3p
8115
4544
5641
cpd:C00369
1906
65985
26492
89869
6351
cpd:C01574
hsa-miR-372-3p
8383
hsa-miR-199b-5p
2645
8390
26692
hsa-miR-3934-5p
8388
hsa-miR-1280
hsa-miR-324-5p
4218
26529
3798
3714
7533
10670
cpd:C15182
hsa-miR-4723-5p
6890
6502
387748
7018
2170
cpd:C07600
hsa-miR-520c-3p
3305
26279
6921
4254
52
11221
hsa-miR-493-3p
128239
3800
hsa-miR-302b-3p
3663
hsa-miR-570-3p
cpd:C15891
9771
8394
5462
hsa-miR-155-3p
cpd:C01836
23620
1634
7043
29108
838
834
100
hsa-miR-1908-5p
338755
338751
10401
4143
441273
cpd:C15849
4012
3398
3399
51251
5727
hsa-miR-1285-3p
65108
3818
3827
57568
hsa-miR-1258
10855
81392
59350
29072
442361
hsa-miR-506-3p
81328
81327
1111
5222
64393
9170
81341
2533
10919
4515
902
839
hsa-miR-768-3p
cpd:C00195
BR:br08303(S01BC Antiinflammatory agents non-steroids)
64750
hsa-miR-154-5p
cpd:C09844
79054
51272
6811
840
2161
3125
26664
1520
64422
cpd:C00350
26683
26686
26689
8897
hcmv-miR-UL112-3p
4277
cpd:C16098
6870
6361
147111
7133
cpd:C00075
55503
8994
26659
3556
26648
4684
cpd:C12270
2539
23179
3753
81300
9934
23205
824
823
5788
cpd:C16086
2834
10231
64326
3784
11186
3760
346562
cpd:C00410
6846
1131
9623
10499
374
hsa-miR-638
4210
7350
1173
81448
6513
2936
81470
cpd:C00533
81099
81466
23305
81469
260425
27128
cpd:C00665
2203
hsa-miR-93-5p
1742
cpd:C07151
7525
hsa-miR-30a-3p
5244
6696
cpd:C00338
929
1741
5255
5260
100507436
200909
11140
26260
cpd:C00099
8001
11337
cpd:C05951
388333
11345
cpd:C16035
930
81030
cpd:C16845
6609
26534
1519
26533
26539
cpd:C00398
hsa-miR-126-5p
81168
5305
5957
131890
27244
941
hsa-miR-28-5p
9454
26595
9525
1496
1495
3651
cpd:C01120
8698
hsa-let-7c-3p
9296
113878
121364
5972
10159
8890
8894
1293
89849
5055
hsa-miR-326
5315
hsa-miR-497-5p
79001
hsa-miR-330-3p
3113
442184
57223
4208
5783
9415
6374
cpd:C11045
hsa-miR-1296-5p
4171
cpd:C00951
2852
2901
2900
7060
6926
7706
hsa-miR-193b-3p
4149
hsa-miR-139-5p
hsa-miR-188-5p
1020
2274
135948
135946
135941
81127
22885
hsa-miR-149-3p
3983
50848
3303
2894
2897
2898
2895
2899
9107
3312
9699
5864
7414
hsa-miR-18b-5p
26476
6927
256076
889
6477
353091
4478
51703
26333
10371
5885
26496
57522
26493
64135
1630
9337
1361
81696
81697
dr:D02714
121275
4860
22909
9340
cpd:C04677
hsa-miR-149-5p
9882
hsa-miR-199a-3p
64065
8911
8912
8913
38
132430
10788
10870
10818
800
26341
hsa-miR-1289
495
53829
729597
cpd:C15493
8837
26224
10810
358
4624
6357
hsa-miR-590-5p
56656
cpd:C15195
8826
121129
2177
675
7056
1508
2209
79132
4282
121130
143496
2212
2214
1292
hsa-miR-380-5p
56998
5971
694
57101
26248
3294
166929
3292
3284
3283
128366
23529
1740
6843
hsa-miR-589-5p
2194
hsa-miR-186-5p
23385
55584
345456
610
140
cpd:C16125
10267
10268
10266
26211
488
26212
489
487
26219
cpd:C14776
8573
8794
8793
hsa-miR-655-3p
5899
8417
hsa-miR-509-3p
2864
23035
81797
7170
196403
1558
3002
10376
5424
55540
5610
cpd:C14762
26245
113026
1457
26037
hsa-miR-1228-3p
5575
3320
58494
7419
7416
7417
10110
hsa-miR-363-3p
cpd:C00245
53637
3126
43
hsa-miR-339-5p
7529
hsa-miR-572
84647
51305
26986
10910
114548
5319
5720
5721
2619
5320
5322
hsa-miR-329-3p
hsa-miR-320c
7709
cpd:C20640
340061
8674
hsa-miR-10b-3p
89846
26716
10392
hsa-miR-187-3p
7161
cpd:C16092
84634
9138
hsa-miR-188-3p
hsa-miR-337-3p
2354
2355
4908
hsa-miR-1301-3p
346528
346525
685
162998
3972
5163
cpd:C00049
25791
hsa-miR-142-5p
58528
4982
cpd:C00026
cpd:C07909
hsa-miR-454-3p
51513
128360
56923
83737
2969
661
5829
128372
5664
5028
1241
cpd:C04637
51365
5531
84823
27102
7316
83464
2122
2266
174
5138
53828
cpd:C00020
51763
2243
5230
3359
cpd:C03582
5211
2
5029
5026
5025
5024
5023
hsa-miR-492
5032
5031
5030
57007
9462
8487
3993
10228
hsa-miR-488-3p
hsa-miR-33a-5p
cpd:C19378
23710
7424
hsa-miR-765
8787
2215
3315
8764
3112
10211
5176
9423
8633
51129
cpd:C04805
9294
5980
hsa-miR-629-5p
cpd:C16041
3758
388585
55568
hsa-miR-449c-5p
cpd:C20970
186
54205
80835
23220
4091
9287
hsa-miR-342-3p
4312
hsa-miR-518d-3p
5464
7398
2820
5348
59082
cpd:C20171
cpd:C00027
3945
10335
hsa-miR-620
hsa-miR-876-3p
cpd:C02265
54472
hsa-miR-708-3p
6362
3837
7187
6901
mmu-miR-30e-3p
10886
kshv-miR-K12-1-5p
50484
2937
79544
253260
5898
4001
4000
2002
5731
hsa-miR-886-3p
hsa-miR-92b-3p
59343
10533
79071
6404
6403
5770
hsa-miR-198
23380
hsa-miR-24-2-5p
117145
1847
2165
hsa-miR-766-3p
2752
64321
64806
2524
cpd:C16082
cpd:C00809
162514
4209
hsa-miR-518c-3p
1573
10509
22821
cpd:C00072
4137
6804
6809
6810
hsa-miR-34c-3p
9038
919
3418
hsa-miR-610
3625
135250
9455
hsa-miR-603
494551
3681
79345
3925
hsa-miR-541-3p
80223
rno-miR-9a-5p
7272
27334
1298
3099
3098
79671
83990
5395
79966
5889
6241
6857
80380
79317
115650
8650
hsa-miR-874-3p
6469
26740
51715
5871
6456
27445
4261
4802
4800
4801
cpd:C16016
2837
3053
258010
55968
hsa-miR-1270
hsa-miR-513c-5p
hsa-miR-302c-3p
7531
hsa-miR-760
23049
5976
cpd:C00133
28514
83729
9261
cpd:C09155
57502
1739
5663
55770
57555
hsa-miR-455-5p
8789
hsa-miR-545-3p
886
3101
1974
51094
6865
4049
80319
2983
hsa-miR-711
3274
79465
hsa-miR-664a-3p
mmu-miR-465a-5p
8773
4216
84448
102723555
hsa-miR-885-3p
27148
10282
hsa-miR-518b
6929
629
hsa-miR-601
3912
3269
1850
8973
kshv-miR-K12-4-3p
54960
442590
6338
6340
83447
54106
26737
hsa-miR-1826
55593
29119
25898
hsa-miR-28-3p
25978
hsa-miR-362-3p
1141
cpd:C20698
4637
10468
hsa-let-7d-5p
115004
hsa-miR-345-5p
hsa-miR-608
cpd:C07056
hsa-miR-193a-5p
5576
5340
hsa-miR-181a-3p
4297
2986
683
cpd:C13051
54795
6472
5469
171558
10718
1456
1938
3955
9871
3996
hsa-miR-519d-3p
8915
239
51478
51393
84962
60485
23308
29851
100506012
526
113612
hsa-miR-450a-1-3p
8741
5540
9554
55850
5175
1601
491
492
493
5818
23057
1522
1143
55666
8853
3417
cpd:C00162
56605
10130
hsa-miR-484
1003
7220
hsa-miR-656-3p
23645
5577
57369
55437
56920
hsa-miR-151a-5p
2241
3000
cpd:C14767
10766
23389
hsa-miR-376a-5p
mmu-miR-100-5p
80700
5286
rno-miR-19b-3p
1654
hsa-miR-489-3p
7114
94030
1179
4242
hsa-miR-382-5p
5329
7100
7850
1586
cpd:C05966
28234
952
392255
10587
4502
hsa-miR-524-5p
hsa-miR-423-3p
51655
122011
10135
23678
cpd:C16115
hsa-miR-520e
hsa-miR-101-5p
hsa-miR-519c-3p
6011
hsa-miR-520a-3p
7086
10010
2168
3897
hsa-miR-758-3p
51284
hsa-miR-298
hsa-miR-5787
hsa-miR-485-3p
hsa-miR-381-3p
cpd:C06866
hsa-miR-513b-5p
hsa-miR-500a-5p
22863
965
914
cpd:C02198
cpd:C00735
30846
hsa-miR-558
9177
2695
3764
26060
3772
3773
5627
56413
405753
50506
6392
rno-miR-19a-3p
5868
23286
29850
80301
cpd:C16112
3117
5817
5648
3770
1452
3761
3768
398
ptr-miR-182
2114
2120
54941
7027
1139
53407
1511
hsa-miR-1181
cpd:C12284
6543
cpd:C13662
6547
1676
50628
3656
cpd:C15856
187
cpd:C03958
7201
93129
4128
2054
79813
hsa-miR-518a-3p
rno-miR-150-5p
8677
200931
79861
cpd:C00427
7869
64218
2103
cpd:C16087
293
6455
291
cpd:C16097
hsa-miR-423-5p
hsa-miR-657
25989
1981
cpd:C16047
2862
81607
27429
100310812
hsa-miR-99b-3p
cpd:C16114
387893
1392
3816
79660
462
cpd:C00208
hsa-miR-502-5p
8891
1101
cpd:C15855
cpd:C02758
hsa-miR-512-3p
8648
933
1521
859
1142
1140
1146
1145
1144
1138
1135
1134
5226
cpd:C01598
9248
10965
166824
80854
8491
10568
22953
53944
29984
hsa-miR-595
219699
cpd:C00808
8760
83734
2592
22802
5795
hsa-miR-508-5p
30834
100506742
3115
mmu-miR-137-3p
2977
2982
1022
7252
hsa-miR-140-3p
192111
10059
cpd:C01829
8396
2950
4323
hsa-miR-196b-5p
57016
2810
hsa-miR-622
cpd:C01501
113457
9541
50846
cpd:C05965
55515
3605
23765
23495
57689
22854
5265
cpd:C01516
92335
8985
56475
83988
3635
hsa-miR-301b-3p
2049
hsa-miR-517a-3p
10140
hsa-miR-208b-3p
hsa-miR-362-5p
23171
10019
hsa-miR-498
hsa-miR-652-3p
5586
1509
5573
cpd:C04742
136
7915
4685
6579
6554
10379
10197
hsa-miR-1247-5p
83706
hsa-miR-216b-5p
25945
84674
hsa-miR-18a-3p
1638
10888
9530
3034
cpd:C16030
2847
5495
51776
7082
4771
51807
64121
662
hsa-miR-1291
cpd:C00288
4909
10892
5878
79837
5869
cpd:C16510
719
4199
84539
6606
cpd:C13856
54904
64106
hsa-miR-548d-5p
597
cpd:C16127
10913
8625
hsa-miR-548b-3p
hsa-miR-99b-5p
1646
57053
55616
10113
51128
10682
2877
3127
2322
80143
80142
hsa-miR-422a
23500
200576
11059
57104
9451
64398
9635
112714
hsa-miR-512-5p
cpd:C16091
9969
cpd:C16032
hsa-miR-323b-5p
9266
57498
9414
3612
3615
8739
3632
7226
1874
hsa-miR-616-3p
5444
1513
7786
3119
56681
5289
11253
7306
9540
9538
9601
hsa-miR-499a-5p
hsa-miR-129-2-3p
643847
cpd:C16090
643834
cpd:C00400
6307
cpd:C16004
9267
117157
10747
64221
100996746
54714
3817
944
943
22934
9482
387778
30001
81567
84790
cpd:C09179
mmu-miR-153-3p
8892
154064
hsa-miR-802
9570
hsa-miR-488-5p
6923
760
7277
7278
5300
hsa-miR-1293
858
BR:br08303(C10AB fibrates)
4507
9894
55278
5366
81605
219931
54910
260434
hsa-miR-7515
5313
hsa-miR-762
262
30061
hsa-miR-320d
hsa-miR-371a-3p
9992
90249
10622
51802
hsa-miR-384
cpd:C16105
3062
3061
cpd:C16126
338821
cpd:C11684
hsa-miR-297
4267
2005
mmu-miR-124-3p
51684
23600
hsa-miR-525-3p
2098
5033
cpd:C16093
23327
hsa-miR-888-5p
cpd:C01780
4050
8694
2175
hsa-miR-219a-5p
hsa-miR-544a
3108
7846
hsa-miR-30e-3p
hsa-miR-490-3p
11313
8531
hsa-miR-584-5p
51246
434
8995
8784
cpd:C16079
hsa-miR-299-3p
64101
6194
197259
hsa-miR-543
27121
10961
54107
hsa-miR-942-5p
cpd:C16080
5213
hsa-miR-21-3p
4144
6295
cpd:C02002
728
27190
hsa-miR-132-5p
1591
60673
1512
137970
cpd:C00913
4627
hsa-miR-148b-5p
hsa-miR-515-3p
hsa-miR-1303
51208
cpd:C06314
2359
2358
hsa-miR-410-3p
2587
cpd:C00388
11255
hsa-miR-520d-3p
mmu-miR-1192
rno-miR-194-5p
10555
90353
348180
4052
5739
10735
11108
59340
79728
hsa-miR-181d-5p
5536
5585
27430
5020
cpd:C16094
kshv-miR-K12-4-5p
3988
22841
5994
cpd:C07607
5993
5631
51588
6610
6335
cpd:C16005
10269
5948
hsa-miR-519e-3p
hsa-miR-768-5p
22941
116
cpd:C16106
51512
hsa-miR-548d-3p
2526
249
dr:D00944
84628
4622
4620
9076
cpd:C12272
4619
10154
2796
64343
cpd:C00903
64419
hsa-miR-632
9588
1002
2189
9197
7292
7293
2641
10274
hsa-miR-363-5p
cpd:C02210
cpd:C20971
116512
9311
5161
5160
5162
cpd:C02140
5787
cpd:C16135
hsa-miR-1234-3p
hsa-miR-125b-1-3p
6750
hsa-miR-892b
165829
cpd:C16025
5745
hsa-miR-1245a
1644
hsa-miR-552-3p
123264
cpd:C11695
5414
hsa-miR-1274a
27018
26007
hsa-miR-675-3p
hsa-miR-593-3p
10325
283455
cpd:C16053
hsa-miR-31-3p
3118
2323
